WARNING: 2 open meshes merged
     Merged: Main Wing
     Merged: Tail Wing
...Mass Properties...
4 Num Comps
4 Total Num Meshes
2992 Total Num Tris

1.187915447313161e+03             Total Mass
2.926851269011365e+02 -3.560007987591128e-14 4.490394041820571e+01       Center of Gravity
2.216316250720771e+08 1.541846915448685e+08 3.739372926158791e+08       Ixx, Iyy, Izz
-5.136231804542152e+03 -4.064208830179439e+06 2.804512432623816e+03       Ixy, Ixz, Iyz
2.020264366178846e+07             Volume

Name	Mass	cgX	cgY	cgZ	Ixx	Iyy	Izz	Ixy	Ixz	Iyz	Volume
Main Wing	1.034143167942030e+03	1.584289185449097e+02	-2.411578523106391e-12	4.860821895002920e+01	2.109596088102394e+08	9.412667488210287e+06	2.193172311450630e+08	-4.662363592958914e+03	-1.687665592546680e+05	2.561281298662912e+03	1.758746884247120e+07
Tail Wing	1.176133929006423e+02	1.190191493761070e+03	-9.981563801232765e-14	-2.544366293034180e-15	7.220122814042922e+06	2.840409984589552e+05	7.500394965409060e+06	-4.505823709673538e+02	-2.888520976366910e+01	2.478793235126172e+02	2.000227770420219e+06
Vertical Wing Right	1.807944323713477e+01	1.213105386293382e+03	2.900000000000019e+02	8.501995594339002e+01	5.071964295743969e+04	8.289120339384014e+04	3.303968995096871e+04	7.095753998758777e+00	1.188826672213931e+04	1.362052211291719e+00	3.074735244410674e+05
Vertical Wing Left	1.807944323713476e+01	1.213105386293370e+03	-2.899999999999984e+02	8.501995594339009e+01	5.067957139411270e+04	8.289316632896080e+04	3.299765545252101e+04	-3.038159464920255e+01	1.188954916025008e+04	-6.010241761954553e+00	3.074735244410645e+05
Name	Mass	cgX	cgY	cgZ	Ixx	Iyy	Izz	Ixy	Ixz	Iyz	Volume
Totals	1.187915447313161e+03	2.926851269011365e+02	-3.560007987591128e-14	4.490394041820571e+01	2.216316250720771e+08	1.541846915448685e+08	3.739372926158791e+08	-5.136231804542152e+03	-4.064208830179439e+06	2.804512432623816e+03	2.020264366178846e+07

...Filling Mass Properties (Volume Only -- No Shell or Point Mass)...
100 Num Slice

Slice	Mass	cgX	cgY	cgZ	Ixx	Iyy	Izz	Ixy	Ixz	Iyz	Volume
6.639415622831415e+00	1.805012342022686e+01	6.639415622831065e+00	-3.724772778791840e-13	3.958313475797669e+01	4.533171973390108e+06	1.008170784040293e+04	4.524381441039779e+06	-7.206122347087579e+01	-4.740156525776935e+00	4.358841499512090e+01	3.069748880990837e+05
1.974203634042619e+01	4.989227270663770e+01	1.500174474313385e+01	-1.766812531054603e-12	4.134449148616650e+01	1.252145575893900e+07	3.077978855063721e+04	1.249820035055976e+07	-2.129511351598198e+02	4.028476764037073e+02	1.226247058663856e+02	8.485080392284387e+05
3.284465705802097e+01	8.997753631919244e+01	2.295081595598116e+01	-1.794559996932247e-12	4.265006853099030e+01	2.244889951167901e+07	6.221685374164221e+04	2.241122734756558e+07	-3.952255480853912e+02	1.553586551043607e+03	2.226395859639351e+02	1.530230209509937e+06
4.594727777561575e+01	1.354472694377137e+02	3.067074258092771e+01	-2.167208664188636e-12	4.380199856811104e+01	3.364038860896643e+07	1.065748887085764e+05	3.359355858987631e+07	-6.044309730604666e+02	3.923943849333518e+03	3.363779011560886e+02	2.303524990437156e+06
5.904989849321053e+01	1.846483909858850e+02	3.823260809201965e+01	-2.312495361326632e-12	4.479061281679012e+01	4.564174518607513e+07	1.671461341306939e+05	4.559599720927761e+07	-8.316435046409935e+02	7.709757524397298e+03	4.601409856323268e+02	3.140278758263199e+06
7.215251921080532e+01	2.362304611742178e+02	4.563918566636388e+01	-2.672551230314787e-12	4.566927222102075e+01	5.809186411848653e+07	2.467941241466074e+05	5.806293655833280e+07	-1.070736411887605e+03	1.319799130404618e+04	5.901184524310963e+02	4.017524849901525e+06
8.525513992840010e+01	2.893789093497975e+02	5.291520483704908e+01	-2.984694958974078e-12	4.644541645714309e+01	7.077597880401435e+07	3.493727799013174e+05	7.078445962447537e+07	-1.317920373324733e+03	2.044602858784531e+04	7.239145616490911e+02	4.921410022955625e+06
9.835776064599489e+01	3.431051071272457e+02	6.003097108531462e+01	-3.078381170769682e-12	4.713329959175285e+01	8.346036330848606e+07	4.776977666300577e+05	8.353150864725956e+07	-1.568026907221867e+03	2.947607080267716e+04	8.592800807517917e+02	5.835120869510883e+06
1.114603813635897e+02	3.969110316060355e+02	6.700282811389000e+01	-3.204849127542424e-12	4.774407760665955e+01	9.600280847864664e+07	6.351933626251089e+05	9.616635361076711e+07	-1.818841166876473e+03	4.023794283307624e+04	9.945794290395645e+02	6.750187612347463e+06
1.245630020811844e+02	4.502529238524716e+02	7.382203668487975e+01	-3.142868032651480e-12	4.827606628234135e+01	1.082478400377688e+08	8.246147707956225e+05	1.085373663890250e+08	-2.067179033460229e+03	5.237631957613869e+04	1.128787553302076e+03	7.657362650552176e+06
1.376656227987792e+02	5.025503914544103e+02	8.046586371826027e+01	-3.038873639613077e-12	4.873726788049046e+01	1.200788538247636e+08	1.047883481895658e+06	1.205308161803768e+08	-2.310267662931465e+03	6.561866336122202e+04	1.260315054985375e+03	8.546775364870870e+06
1.507682435163740e+02	5.534769793199189e+02	8.693453442311937e+01	-3.070214053546368e-12	4.913390289894170e+01	1.314068133673426e+08	1.307015133187103e+06	1.320603695837580e+08	-2.546290019950939e+03	7.961713300294516e+04	1.388167319197979e+03	9.412873797957759e+06
1.638708642339688e+02	6.027111484666513e+02	9.321929667626620e+01	-3.053812837558351e-12	4.946520538512679e+01	1.421309350127160e+08	1.603175517410299e+06	1.430270943210581e+08	-2.774183588048075e+03	9.371050458923739e+04	1.511544193761881e+03	1.025018959977293e+07
1.769734849515636e+02	6.499256388090859e+02	9.930370245645173e+01	-3.098773307854204e-12	4.973489699602597e+01	1.521869896801420e+08	1.936620277332468e+06	1.533673581454880e+08	-2.991992611151947e+03	1.073107199484223e+05	1.629927221365111e+03	1.105315712260344e+07
1.900761056691584e+02	6.948018520114339e+02	1.051665563156753e+02	-3.032957908147419e-12	4.994584913682130e+01	1.615087384509959e+08	2.306370734684802e+06	1.630143283661919e+08	-3.197782909728282e+03	1.197429388971100e+05	1.742351700759964e+03	1.181635802740526e+07
2.031787263867531e+02	7.371619796296557e+02	1.107987079283154e+02	-2.938910312782207e-12	5.010086209223235e+01	1.700442772011231e+08	2.711251263066522e+06	1.719151049309125e+08	-3.391117082337611e+03	1.302869647307389e+05	1.848160866087478e+03	1.253676836104845e+07
2.162813471043479e+02	7.768272760775698e+02	1.161847187982614e+02	-2.887323541662568e-12	5.020204523271181e+01	1.777505989255967e+08	3.148817597406660e+06	1.800243063062310e+08	-3.571660234595907e+03	1.381433707101894e+05	1.946906077760767e+03	1.321134823261157e+07
2.293839678219427e+02	8.136090574810279e+02	1.213022503625172e+02	-2.848401836273164e-12	5.025177513056462e+01	1.845929276867526e+08	3.615059223522691e+06	1.873030577604342e+08	-3.737416149035743e+03	1.425059543114629e+05	2.038061290644853e+03	1.383688873267032e+07
2.424865885395375e+02	8.473411638839831e+02	1.261265208736071e+02	-2.836591175440314e-12	5.025317110731751e+01	1.905477686359319e+08	4.104506859868854e+06	1.937221780895683e+08	-3.888564681976099e+03	1.426340138598657e+05	2.120971824428147e+03	1.441056401163207e+07
2.555892092571322e+02	8.779420807914030e+02	1.306389791057764e+02	-2.804012638579449e-12	5.021024844901005e+01	1.956016497780756e+08	4.611014515776806e+06	1.992617654427681e+08	-4.023648089612124e+03	1.379168457707181e+05	2.196097756182661e+03	1.493098776856090e+07
2.686918299747270e+02	9.053511215367367e+02	1.348184583425763e+02	-2.782699392435846e-12	5.012747032794987e+01	1.997567251230200e+08	5.126987045909344e+06	2.039159547907094e+08	-4.143490147899432e+03	1.278763211103719e+05	2.262473054654547e+03	1.539712791729100e+07
2.817944506923218e+02	9.295227055025141e+02	1.386404656147008e+02	-2.699340639712306e-12	5.000996304105869e+01	2.030285131123679e+08	5.643171705467477e+06	2.076904370553964e+08	-4.247334243778151e+03	1.122335924618639e+05	2.320815598314248e+03	1.580820927725316e+07
2.948970714099166e+02	9.504897585763567e+02	1.420873628771755e+02	-2.629379506258982e-12	4.986563707524982e+01	2.054858755597945e+08	6.150010461842863e+06	2.106437433041161e+08	-4.336405209714361e+03	9.126539467946540e+04	2.370943930075820e+03	1.616479181252256e+07
3.079996921275113e+02	9.684631086141503e+02	1.451664686713746e+02	-2.578996095870918e-12	4.970591501836021e+01	2.072897070979337e+08	6.640765373848335e+06	2.129292430788563e+08	-4.412305693852872e+03	6.607266585336773e+04	2.413483680271528e+03	1.647046103085237e+07
3.211023128451061e+02	9.836621813220004e+02	1.478849443211346e+02	-2.537476568569179e-12	4.954007624956853e+01	2.085805338601237e+08	7.108444911710965e+06	2.146798653926570e+08	-4.474391395251206e+03	3.781180515280158e+04	2.449896520808414e+03	1.672894866193825e+07
3.342049335627009e+02	9.963064024060120e+02	1.502495493569465e+02	-2.503527280478859e-12	4.937554535319354e+01	2.094772492126259e+08	7.545841519537641e+06	2.160068389736547e+08	-4.525440646233006e+03	7.653943357794818e+03	2.479695127637466e+03	1.694398643547586e+07
3.473075542802957e+02	1.006620300864638e+03	1.522686187632489e+02	-2.478570483264385e-12	4.921874140191384e+01	2.100787186355668e+08	7.945943993304621e+06	2.170017521113249e+08	-4.566581968073837e+03	-2.313405890111098e+04	2.503301406261156e+03	1.711939287184704e+07
3.604101749978905e+02	1.014845419986952e+03	1.539555644405085e+02	-2.457554967360689e-12	4.907503922521870e+01	2.104654510089020e+08	8.302815225851316e+06	2.177390977012416e+08	-4.598308729718225e+03	-5.324454539429401e+04	2.521914717746470e+03	1.725927585011769e+07
3.735127957154853e+02	1.021223913769564e+03	1.553269036891613e+02	-2.442039890541987e-12	4.894823116465947e+01	2.107015400821025e+08	8.611531231910095e+06	2.182780414761689e+08	-4.622697285906670e+03	-8.150109130720129e+04	2.535832492131235e+03	1.736775363553627e+07
3.866154164330800e+02	1.025994393513780e+03	1.564023064126946e+02	-2.431107022030813e-12	4.884104209890133e+01	2.108365847257823e+08	8.868399500588814e+06	2.186645736657324e+08	-4.639567668602427e+03	-1.068199938668197e+05	2.546009477104436e+03	1.744888424343109e+07
3.997180371506748e+02	1.029400562773403e+03	1.572074104629484e+02	-2.423094836317019e-12	4.875520215695231e+01	2.109075862245263e+08	9.071870015350368e+06	2.189343215794997e+08	-4.650158316282550e+03	-1.282498604142549e+05	2.553449815205444e+03	1.750681229206414e+07
4.128206578682696e+02	1.031685880926957e+03	1.577736269881367e+02	-2.417511361501351e-12	4.869077186333077e+01	2.109409286551261e+08	9.222899841687126e+06	2.191147729790508e+08	-4.657057456573812e+03	-1.452037693958132e+05	2.557708464995177e+03	1.754567824705655e+07
4.259232785858644e+02	1.033081650988316e+03	1.581359170891234e+02	-2.414184988641494e-12	4.864691668857093e+01	2.109542978999650e+08	9.324654675932029e+06	2.192269395993322e+08	-4.660628592072286e+03	-1.573363744729749e+05	2.560055433765306e+03	1.756941583313409e+07
4.390258993034591e+02	1.033816604938367e+03	1.583356055067518e+02	-2.412422212302038e-12	4.862117238302941e+01	2.109585561095107e+08	9.383592579393247e+06	2.192882045619737e+08	-4.662327589535734e+03	-1.648070397625130e+05	2.561102490150551e+03	1.758191504997169e+07
4.521285200210539e+02	1.034100646222382e+03	1.584163029871933e+02	-2.411751574158205e-12	4.861007770226080e+01	2.109595095209092e+08	9.408576434718003e+06	2.193132146039301e+08	-4.662336424531747e+03	-1.681768141169429e+05	2.561299327728997e+03	1.758674568405358e+07
4.652311407386487e+02	1.034143167938339e+03	1.584289185454512e+02	-2.411656480193264e-12	4.860821895020965e+01	2.109596088102340e+08	9.412667488213034e+06	2.193172311450584e+08	-4.662363592665401e+03	-1.687665592540465e+05	2.561281298666686e+03	1.758746884248821e+07
4.783337614562435e+02	1.034143167938339e+03	1.584289185454512e+02	-2.411656480193264e-12	4.860821895020965e+01	2.109596088102340e+08	9.412667488213034e+06	2.193172311450584e+08	-4.662363592665401e+03	-1.687665592540465e+05	2.561281298666686e+03	1.758746884248821e+07
4.914363821738382e+02	1.034143167938339e+03	1.584289185454512e+02	-2.411656480193264e-12	4.860821895020965e+01	2.109596088102340e+08	9.412667488213034e+06	2.193172311450584e+08	-4.662363592665401e+03	-1.687665592540465e+05	2.561281298666686e+03	1.758746884248821e+07
5.045390028914330e+02	1.034143167938339e+03	1.584289185454512e+02	-2.411656480193264e-12	4.860821895020965e+01	2.109596088102340e+08	9.412667488213034e+06	2.193172311450584e+08	-4.662363592665401e+03	-1.687665592540465e+05	2.561281298666686e+03	1.758746884248821e+07
5.176416236090279e+02	1.034143167938339e+03	1.584289185454512e+02	-2.411656480193264e-12	4.860821895020965e+01	2.109596088102340e+08	9.412667488213034e+06	2.193172311450584e+08	-4.662363592665401e+03	-1.687665592540465e+05	2.561281298666686e+03	1.758746884248821e+07
5.307442443266226e+02	1.034143167938339e+03	1.584289185454512e+02	-2.411656480193264e-12	4.860821895020965e+01	2.109596088102340e+08	9.412667488213034e+06	2.193172311450584e+08	-4.662363592665401e+03	-1.687665592540465e+05	2.561281298666686e+03	1.758746884248821e+07
5.438468650442173e+02	1.034143167938339e+03	1.584289185454512e+02	-2.411656480193264e-12	4.860821895020965e+01	2.109596088102340e+08	9.412667488213034e+06	2.193172311450584e+08	-4.662363592665401e+03	-1.687665592540465e+05	2.561281298666686e+03	1.758746884248821e+07
5.569494857618122e+02	1.034143167938339e+03	1.584289185454512e+02	-2.411656480193264e-12	4.860821895020965e+01	2.109596088102340e+08	9.412667488213034e+06	2.193172311450584e+08	-4.662363592665401e+03	-1.687665592540465e+05	2.561281298666686e+03	1.758746884248821e+07
5.700521064794069e+02	1.034143167938339e+03	1.584289185454512e+02	-2.411656480193264e-12	4.860821895020965e+01	2.109596088102340e+08	9.412667488213034e+06	2.193172311450584e+08	-4.662363592665401e+03	-1.687665592540465e+05	2.561281298666686e+03	1.758746884248821e+07
5.831547271970018e+02	1.034143167938339e+03	1.584289185454512e+02	-2.411656480193264e-12	4.860821895020965e+01	2.109596088102340e+08	9.412667488213034e+06	2.193172311450584e+08	-4.662363592665401e+03	-1.687665592540465e+05	2.561281298666686e+03	1.758746884248821e+07
5.962573479145965e+02	1.034143167938339e+03	1.584289185454512e+02	-2.411656480193264e-12	4.860821895020965e+01	2.109596088102340e+08	9.412667488213034e+06	2.193172311450584e+08	-4.662363592665401e+03	-1.687665592540465e+05	2.561281298666686e+03	1.758746884248821e+07
6.093599686321912e+02	1.034143167938339e+03	1.584289185454512e+02	-2.411656480193264e-12	4.860821895020965e+01	2.109596088102340e+08	9.412667488213034e+06	2.193172311450584e+08	-4.662363592665401e+03	-1.687665592540465e+05	2.561281298666686e+03	1.758746884248821e+07
6.224625893497861e+02	1.034143167938339e+03	1.584289185454512e+02	-2.411656480193264e-12	4.860821895020965e+01	2.109596088102340e+08	9.412667488213034e+06	2.193172311450584e+08	-4.662363592665401e+03	-1.687665592540465e+05	2.561281298666686e+03	1.758746884248821e+07
6.355652100673808e+02	1.034143167938339e+03	1.584289185454512e+02	-2.411656480193264e-12	4.860821895020965e+01	2.109596088102340e+08	9.412667488213034e+06	2.193172311450584e+08	-4.662363592665401e+03	-1.687665592540465e+05	2.561281298666686e+03	1.758746884248821e+07
6.486678307849756e+02	1.034143167938339e+03	1.584289185454512e+02	-2.411656480193264e-12	4.860821895020965e+01	2.109596088102340e+08	9.412667488213034e+06	2.193172311450584e+08	-4.662363592665401e+03	-1.687665592540465e+05	2.561281298666686e+03	1.758746884248821e+07
6.617704515025704e+02	1.034143167938339e+03	1.584289185454512e+02	-2.411656480193264e-12	4.860821895020965e+01	2.109596088102340e+08	9.412667488213034e+06	2.193172311450584e+08	-4.662363592665401e+03	-1.687665592540465e+05	2.561281298666686e+03	1.758746884248821e+07
6.748730722201652e+02	1.034143167938339e+03	1.584289185454512e+02	-2.411656480193264e-12	4.860821895020965e+01	2.109596088102340e+08	9.412667488213034e+06	2.193172311450584e+08	-4.662363592665401e+03	-1.687665592540465e+05	2.561281298666686e+03	1.758746884248821e+07
6.879756929377600e+02	1.034143167938339e+03	1.584289185454512e+02	-2.411656480193264e-12	4.860821895020965e+01	2.109596088102340e+08	9.412667488213034e+06	2.193172311450584e+08	-4.662363592665401e+03	-1.687665592540465e+05	2.561281298666686e+03	1.758746884248821e+07
7.010783136553547e+02	1.034143167938339e+03	1.584289185454512e+02	-2.411656480193264e-12	4.860821895020965e+01	2.109596088102340e+08	9.412667488213034e+06	2.193172311450584e+08	-4.662363592665401e+03	-1.687665592540465e+05	2.561281298666686e+03	1.758746884248821e+07
7.141809343729495e+02	1.034143167938339e+03	1.584289185454512e+02	-2.411656480193264e-12	4.860821895020965e+01	2.109596088102340e+08	9.412667488213034e+06	2.193172311450584e+08	-4.662363592665401e+03	-1.687665592540465e+05	2.561281298666686e+03	1.758746884248821e+07
7.272835550905443e+02	1.034143167938339e+03	1.584289185454512e+02	-2.411656480193264e-12	4.860821895020965e+01	2.109596088102340e+08	9.412667488213034e+06	2.193172311450584e+08	-4.662363592665401e+03	-1.687665592540465e+05	2.561281298666686e+03	1.758746884248821e+07
7.403861758081391e+02	1.034143167938339e+03	1.584289185454512e+02	-2.411656480193264e-12	4.860821895020965e+01	2.109596088102340e+08	9.412667488213034e+06	2.193172311450584e+08	-4.662363592665401e+03	-1.687665592540465e+05	2.561281298666686e+03	1.758746884248821e+07
7.534887965257338e+02	1.034143167938339e+03	1.584289185454512e+02	-2.411656480193264e-12	4.860821895020965e+01	2.109596088102340e+08	9.412667488213034e+06	2.193172311450584e+08	-4.662363592665401e+03	-1.687665592540465e+05	2.561281298666686e+03	1.758746884248821e+07
7.665914172433286e+02	1.034143167938339e+03	1.584289185454512e+02	-2.411656480193264e-12	4.860821895020965e+01	2.109596088102340e+08	9.412667488213034e+06	2.193172311450584e+08	-4.662363592665401e+03	-1.687665592540465e+05	2.561281298666686e+03	1.758746884248821e+07
7.796940379609234e+02	1.034143167938339e+03	1.584289185454512e+02	-2.411656480193264e-12	4.860821895020965e+01	2.109596088102340e+08	9.412667488213034e+06	2.193172311450584e+08	-4.662363592665401e+03	-1.687665592540465e+05	2.561281298666686e+03	1.758746884248821e+07
7.927966586785182e+02	1.034143167938339e+03	1.584289185454512e+02	-2.411656480193264e-12	4.860821895020965e+01	2.109596088102340e+08	9.412667488213034e+06	2.193172311450584e+08	-4.662363592665401e+03	-1.687665592540465e+05	2.561281298666686e+03	1.758746884248821e+07
8.058992793961130e+02	1.034143167938339e+03	1.584289185454512e+02	-2.411656480193264e-12	4.860821895020965e+01	2.109596088102340e+08	9.412667488213034e+06	2.193172311450584e+08	-4.662363592665401e+03	-1.687665592540465e+05	2.561281298666686e+03	1.758746884248821e+07
8.190019001137077e+02	1.034143167938339e+03	1.584289185454512e+02	-2.411656480193264e-12	4.860821895020965e+01	2.109596088102340e+08	9.412667488213034e+06	2.193172311450584e+08	-4.662363592665401e+03	-1.687665592540465e+05	2.561281298666686e+03	1.758746884248821e+07
8.321045208313026e+02	1.034143167938339e+03	1.584289185454512e+02	-2.411656480193264e-12	4.860821895020965e+01	2.109596088102340e+08	9.412667488213034e+06	2.193172311450584e+08	-4.662363592665401e+03	-1.687665592540465e+05	2.561281298666686e+03	1.758746884248821e+07
8.452071415488973e+02	1.034143167938339e+03	1.584289185454512e+02	-2.411656480193264e-12	4.860821895020965e+01	2.109596088102340e+08	9.412667488213034e+06	2.193172311450584e+08	-4.662363592665401e+03	-1.687665592540465e+05	2.561281298666686e+03	1.758746884248821e+07
8.583097622664920e+02	1.034143167938339e+03	1.584289185454512e+02	-2.411656480193264e-12	4.860821895020965e+01	2.109596088102340e+08	9.412667488213034e+06	2.193172311450584e+08	-4.662363592665401e+03	-1.687665592540465e+05	2.561281298666686e+03	1.758746884248821e+07
8.714123829840869e+02	1.034143167938339e+03	1.584289185454512e+02	-2.411656480193264e-12	4.860821895020965e+01	2.109596088102340e+08	9.412667488213034e+06	2.193172311450584e+08	-4.662363592665401e+03	-1.687665592540465e+05	2.561281298666686e+03	1.758746884248821e+07
8.845150037016816e+02	1.034143167938339e+03	1.584289185454512e+02	-2.411656480193264e-12	4.860821895020965e+01	2.109596088102340e+08	9.412667488213034e+06	2.193172311450584e+08	-4.662363592665401e+03	-1.687665592540465e+05	2.561281298666686e+03	1.758746884248821e+07
8.976176244192765e+02	1.034143167938339e+03	1.584289185454512e+02	-2.411656480193264e-12	4.860821895020965e+01	2.109596088102340e+08	9.412667488213034e+06	2.193172311450584e+08	-4.662363592665401e+03	-1.687665592540465e+05	2.561281298666686e+03	1.758746884248821e+07
9.107202451368712e+02	1.034143167938339e+03	1.584289185454512e+02	-2.411656480193264e-12	4.860821895020965e+01	2.109596088102340e+08	9.412667488213034e+06	2.193172311450584e+08	-4.662363592665401e+03	-1.687665592540465e+05	2.561281298666686e+03	1.758746884248821e+07
9.238228658544660e+02	1.034143167938339e+03	1.584289185454512e+02	-2.411656480193264e-12	4.860821895020965e+01	2.109596088102340e+08	9.412667488213034e+06	2.193172311450584e+08	-4.662363592665401e+03	-1.687665592540465e+05	2.561281298666686e+03	1.758746884248821e+07
9.369254865720608e+02	1.034143167938339e+03	1.584289185454512e+02	-2.411656480193264e-12	4.860821895020965e+01	2.109596088102340e+08	9.412667488213034e+06	2.193172311450584e+08	-4.662363592665401e+03	-1.687665592540465e+05	2.561281298666686e+03	1.758746884248821e+07
9.500281072896555e+02	1.034143167938339e+03	1.584289185454512e+02	-2.411656480193264e-12	4.860821895020965e+01	2.109596088102340e+08	9.412667488213034e+06	2.193172311450584e+08	-4.662363592665401e+03	-1.687665592540465e+05	2.561281298666686e+03	1.758746884248821e+07
9.631307280072504e+02	1.034143167938339e+03	1.584289185454512e+02	-2.411656480193264e-12	4.860821895020965e+01	2.109596088102340e+08	9.412667488213034e+06	2.193172311450584e+08	-4.662363592665401e+03	-1.687665592540465e+05	2.561281298666686e+03	1.758746884248821e+07
9.762333487248451e+02	1.034143167938339e+03	1.584289185454512e+02	-2.411656480193264e-12	4.860821895020965e+01	2.109596088102340e+08	9.412667488213034e+06	2.193172311450584e+08	-4.662363592665401e+03	-1.687665592540465e+05	2.561281298666686e+03	1.758746884248821e+07
9.893359694424399e+02	1.034143167938339e+03	1.584289185454512e+02	-2.411656480193264e-12	4.860821895020965e+01	2.109596088102340e+08	9.412667488213034e+06	2.193172311450584e+08	-4.662363592665401e+03	-1.687665592540465e+05	2.561281298666686e+03	1.758746884248821e+07
1.002438590160035e+03	1.034143167938339e+03	1.584289185454512e+02	-2.411656480193264e-12	4.860821895020965e+01	2.109596088102340e+08	9.412667488213034e+06	2.193172311450584e+08	-4.662363592665401e+03	-1.687665592540465e+05	2.561281298666686e+03	1.758746884248821e+07
1.015541210877629e+03	1.034143167938339e+03	1.584289185454512e+02	-2.411656480193264e-12	4.860821895020965e+01	2.109596088102340e+08	9.412667488213034e+06	2.193172311450584e+08	-4.662363592665401e+03	-1.687665592540465e+05	2.561281298666686e+03	1.758746884248821e+07
1.028643831595224e+03	1.034143167938339e+03	1.584289185454512e+02	-2.411656480193264e-12	4.860821895020965e+01	2.109596088102340e+08	9.412667488213034e+06	2.193172311450584e+08	-4.662363592665401e+03	-1.687665592540465e+05	2.561281298666686e+03	1.758746884248821e+07
1.041746452312819e+03	1.034143167938339e+03	1.584289185454512e+02	-2.411656480193264e-12	4.860821895020965e+01	2.109596088102340e+08	9.412667488213034e+06	2.193172311450584e+08	-4.662363592665401e+03	-1.687665592540465e+05	2.561281298666686e+03	1.758746884248821e+07
1.054849073030414e+03	1.034143167938339e+03	1.584289185454512e+02	-2.411656480193264e-12	4.860821895020965e+01	2.109596088102340e+08	9.412667488213034e+06	2.193172311450584e+08	-4.662363592665401e+03	-1.687665592540465e+05	2.561281298666686e+03	1.758746884248821e+07
1.067951693748009e+03	1.034143167938339e+03	1.584289185454512e+02	-2.411656480193264e-12	4.860821895020965e+01	2.109596088102340e+08	9.412667488213034e+06	2.193172311450584e+08	-4.662363592665401e+03	-1.687665592540465e+05	2.561281298666686e+03	1.758746884248821e+07
1.081054314465603e+03	1.034143167938339e+03	1.584289185454512e+02	-2.411656480193264e-12	4.860821895020965e+01	2.109596088102340e+08	9.412667488213034e+06	2.193172311450584e+08	-4.662363592665401e+03	-1.687665592540465e+05	2.561281298666686e+03	1.758746884248821e+07
1.094156935183198e+03	1.034143167938339e+03	1.584289185454512e+02	-2.411656480193264e-12	4.860821895020965e+01	2.109596088102340e+08	9.412667488213034e+06	2.193172311450584e+08	-4.662363592665401e+03	-1.687665592540465e+05	2.561281298666686e+03	1.758746884248821e+07
1.107259555900793e+03	1.037762814850751e+03	1.617383760031264e+02	-2.403041304139860e-12	4.843872475692257e+01	2.111806094248199e+08	1.266865535021367e+07	2.227771590010179e+08	-4.677928294149595e+03	-3.350797561985710e+05	2.568292484827562e+03	1.764902746344761e+07
1.120362176618388e+03	1.045853560459880e+03	1.691543103163623e+02	-2.385440063418352e-12	4.807048628792325e+01	2.117000588835667e+08	2.006491756769679e+07	2.306560258534233e+08	-4.709081129298293e+03	-7.014143629979393e+05	2.583989354079424e+03	1.778662517788858e+07
1.133464797335982e+03	1.056329621121879e+03	1.787177789127374e+02	-2.365157678906540e-12	4.762194498255364e+01	2.123915278819267e+08	2.973276063978883e+07	2.409704443867511e+08	-4.739784311006498e+03	-1.153782715127273e+06	2.605490577473332e+03	1.796478947486135e+07
1.146567418053577e+03	1.068486991962869e+03	1.897300861002479e+02	-2.336288318243828e-12	4.714717316893660e+01	2.132099698899120e+08	4.101655910968848e+07	2.530232238682576e+08	-4.785818959692391e+03	-1.639177589630208e+06	2.627978430143885e+03	1.817154748236118e+07
1.159670038771172e+03	1.081711457951254e+03	2.015880892863914e+02	-2.309004297241077e-12	4.669297988613994e+01	2.141142691438710e+08	5.333294537996060e+07	2.661905982015534e+08	-4.833259101485292e+03	-2.109892525714080e+06	2.651480767566271e+03	1.839645336651740e+07
1.172772659488767e+03	1.095579553799594e+03	2.138815650630117e+02	-2.275629244741527e-12	4.629270982262274e+01	2.150763883052256e+08	6.627808022223894e+07	2.800381869529207e+08	-4.880939552331432e+03	-2.530396441003506e+06	2.675018463065243e+03	1.863230533672727e+07
1.185875280206362e+03	1.109813547367805e+03	2.263479404487746e+02	-2.246435220128884e-12	4.596754361369350e+01	2.160787680252008e+08	7.958953617931925e+07	2.942809264672060e+08	-4.928559036763886e+03	-2.876668486695896e+06	2.697833123554898e+03	1.887438005727508e+07
1.198977900923956e+03	1.123794485160788e+03	2.384482658664149e+02	-2.213980772447206e-12	4.571657603636482e+01	2.170739459113692e+08	9.269158438958280e+07	3.082981561171304e+08	-4.975656161467175e+03	-3.147576085358631e+06	2.719532425775547e+03	1.911215110817616e+07
1.212080521641551e+03	1.137099821560626e+03	2.498408493909137e+02	-2.182848545466896e-12	4.551703573493884e+01	2.180254722248921e+08	1.051985138747516e+08	3.216743814127550e+08	-5.008990621321110e+03	-3.365908382528640e+06	2.739993685710999e+03	1.933843233946594e+07
1.225183142359146e+03	1.149350348714657e+03	2.602366849669368e+02	-2.156985150498658e-12	4.535657830225115e+01	2.189023701146307e+08	1.167681480626649e+08	3.340417644075614e+08	-5.043477298671148e+03	-3.543868381371418e+06	2.757815376233104e+03	1.954677463800389e+07
1.238285763076741e+03	1.160249062778331e+03	2.694239169023231e+02	-2.137327534620051e-12	4.522631642892087e+01	2.196811009873897e+08	1.271320197429556e+08	3.451125248162950e+08	-5.076041143447825e+03	-3.690301183652452e+06	2.772203993523150e+03	1.973212691799836e+07
1.251388383794336e+03	1.169601843509341e+03	2.772762457913811e+02	-2.122380950300528e-12	4.511910049949306e+01	2.203465502753056e+08	1.361095549726459e+08	3.546937912528651e+08	-5.093814209133811e+03	-3.812456365894414e+06	2.785127852776844e+03	1.989118781478424e+07
1.264491004511930e+03	1.177192254088719e+03	2.836417016654617e+02	-2.110149987007755e-12	4.503338868867644e+01	2.208835301320195e+08	1.434844669403474e+08	3.625561264615500e+08	-5.112705242365774e+03	-3.911424960860359e+06	2.794860239609753e+03	2.002027643007980e+07
1.277593625229525e+03	1.182874669130835e+03	2.884165501840716e+02	-2.100052146725556e-12	4.496825999155677e+01	2.212826851898223e+08	1.490897649112564e+08	3.685242279651150e+08	-5.129346623124145e+03	-3.987631561321599e+06	2.801299931911427e+03	2.011691614168041e+07
1.290696245947120e+03	1.186508202343496e+03	2.914859065995921e+02	-2.092964712505019e-12	4.492464440752673e+01	2.215356477244708e+08	1.527401328801721e+08	3.724049639749509e+08	-5.134103217688875e+03	-4.039340889213603e+06	2.804791833830499e+03	2.017871092420865e+07
1.303798866664715e+03	1.187915447313278e+03	2.926851269011033e+02	-2.092795399741548e-12	4.490394041819982e+01	2.216316250720748e+08	1.541846915448724e+08	3.739372926158841e+08	-5.136231803952244e+03	-4.064208830177847e+06	2.804512432619417e+03	2.020264366178998e+07
